22
4
22
22
1
18
9
16
49
6
7
0
26
30
34
10
48
14
21
13
36
32
24
46
30
28
15
12
36
27
3
13
4
15
18
12
27
17
17
5
18
23
39
25
17
48
36
34
34
0
45
49
17
11
15
9
24
35
43
43
3
11
9
26
49
14
13
19
46
26
8
30
21
3
13
12
2
44
5
26
10
32
41
7
23
9
34
23
6
21
35
0
44
47
24
25
1
49
14
43
33
33
39
49
40
10
2
21
44
46
3
9
26
42
18
28
4
32
20
11
0
12
13
1
45
35
41
17
9
6
40
22
18
35
48
32
47
35
30
29
9
46
28
40
31
35
38
12
1
47
30
40
33
10
3
15
26
47
44
26
47
44
33
41
8
41
35
32
38
28
40
38
25
47
24
24
16
17
25
13
9
1
5
2
42
33
34
12
36
3
37
32
17
40
40
19
28
29
49
30
10
3
18
46
41
1
11
45
4
29
14
16
24
46
4
8
46
33
43
30
17
21
1
4
47
30
39
7
29
3
34
8
46
17
4
39
22
22
37
6
1
11
21
22
4
38
38
34
11
23
24
35
29
15
42
31
23
9
33
28
43
26
33
23
