59
57
86
75
81
53
66
55
77
79
59
56
58
52
79
66
73
72
68
63
72
94
73
84
87
51
92
86
85
80
99
99
81
58
55
58
81
53
78
64
72
74
71
95
91
50
96
65
76
97
82
87
55
75
53
93
92
53
99
98
65
97
80
63
98
62
87
59
66
54
88
53
51
73
79
65
75
90
98
61
96
84
57
84
81
64
94
73
84
51
60
98
64
53
62
85
96
51
50
62
95
56
58
87
60
53
75
74
57
50
52
58
62
70
62
93
94
64
81
54
70
98
76
84
80
91
90
57
78
57
72
55
73
57
63
68
91
93
84
79
50
78
90
96
86
60
74
78
75
81
77
99
93
97
73
56
100
91
55
62
89
52
98
84
95
69
75
88
94
57
100
89
76
100
90
94
92
98
69
100
77
56
59
87
66
98
99
93
68
89
94
94
59
77
74
98
96
59
99
86
100
70
90
76
81
53
61
80
63
80
83
58
64
98
53
77
81
60
95
80
74
58
73
57
87
76
100
70
68
94
78
97
74
59
63
86
